// Params for width and height
const uint8_t kMatrixWidth = 17;
const uint8_t kMatrixHeight = 17;

#define NUM_LEDS (kMatrixWidth * kMatrixHeight)
CRGB leds[ NUM_LEDS ];
#define LAST_VISIBLE_LED 222
uint16_t XY (uint16_t x, uint16_t y) {
  // any out of bounds address maps to the first hidden pixel
  if ( (x >= kMatrixWidth) || (y >= kMatrixHeight) ) {
    return (LAST_VISIBLE_LED + 1);
  }
  const uint16_t XYTable[] = {
   223, 224, 225, 226, 227,   0,   1,   2,   3,   4,   5,   6, 228, 229, 230, 231, 232,
   240, 239, 238, 237,  15,  14,  13,  12,  11,  10,   9,   8,   7, 236, 235, 234, 233,
   241, 242, 243,  16,  17,  18,  19,  20,  21,  22,  23,  24,  25,  26, 244, 245, 246,
   250, 249,  39,  38,  37,  36,  35,  34,  33,  32,  31,  30,  29,  28,  27, 248, 247,
   251,  40,  41,  42,  43,  44,  45,  46,  47,  48,  49,  50,  51,  52,  53,  54, 252,
   254,  69,  68,  67,  66,  65,  64,  63,  62,  61,  60,  59,  58,  57,  56,  55, 253,
    70,  71,  72,  73,  74,  75,  76,  77,  78,  79,  80,  81,  82,  83,  84,  85,  86,
   103, 102, 101, 100,  99,  98,  97,  96,  95,  94,  93,  92,  91,  90,  89,  88,  87,
   104, 105, 106, 107, 108, 109, 110, 111, 112, 113, 114, 115, 116, 117, 118, 119, 120,
   137, 136, 135, 134, 133, 132, 131, 130, 129, 128, 127, 126, 125, 124, 123, 122, 121,
   138, 139, 140, 141, 142, 143, 144, 145, 146, 147, 148, 149, 150, 151, 152, 153, 154,
   256, 169, 168, 167, 166, 165, 164, 163, 162, 161, 160, 159, 158, 157, 156, 155, 255,
   257, 170, 171, 172, 173, 174, 175, 176, 177, 178, 179, 180, 181, 182, 183, 184, 258,
   262, 261, 197, 196, 195, 194, 193, 192, 191, 190, 189, 188, 187, 186, 185, 260, 259,
   263, 264, 265, 198, 199, 200, 201, 202, 203, 204, 205, 206, 207, 208, 266, 267, 268,
   276, 275, 274, 273, 217, 216, 215, 214, 213, 212, 211, 210, 209, 272, 271, 270, 269,
   277, 278, 279, 280, 281, 282, 218, 219, 220, 221, 222, 283, 284, 285, 286, 287, 288
  };

  uint16_t i = (y * kMatrixWidth) + x;
  uint16_t j = XYTable[i];
  return j;
}
